 0   -0.3457
 1   -0.0767548
 2   0.2906
 3   -0.253613
 4   -0.306292
 5   -0.330654
 6   0.275951
 7   -0.282458
 8   0.361995
 9   0.0993828
 10   -0.00969901
 11   0.394267
 12   -0.116393
 13   0.493726
 14   0.277661
 15   -0.455507
 16   0.35014
 17   -0.10969
 18   -0.471183
 19   -0.445752
 20   0.354496
 21   0.0200525
 22   0.205135
 23   -0.16524
 24   0.427768
 25   -0.259671
 26   -0.350526
 27   -0.475517
 28   -0.377379
 29   0.435241
 30   0.277959
 31   -0.295205
 32   0.0868943
 33   0.351431
 34   -0.253641
 35   -0.15188
 36   -0.0288024
 37   0.338196
 38   0.184834
 39   -0.282783
 40   -0.485763
 41   -0.0393565
 42   0.0947819
 43   0.434396
 44   -0.350373
 45   0.454652
 46   0.00154802
 47   -0.060596
 48   -0.0220648
 49   0.492369
 50   0.456747
 51   -0.445269
 52   0.447715
 53   0.227018
 54   0.48394
 55   -0.12291
 56   -0.410733
 57   -0.414265
 58   0.0614227
 59   -0.28618
 60   -0.355108
 61   0.279222
 62   -0.264127
 63   0.282956
 64   0.43937
 65   0.496931
 66   -0.0393914
 67   0.395729
 68   0.334432
 69   -0.243445
 70   0.252201
 71   -0.159773
 72   0.110958
 73   -0.123441
 74   -0.240795
 75   -0.315012
 76   0.122668
 77   -0.459486
 78   0.336739
 79   -0.278739
 80   -0.434959
 81   0.421972
 82   -0.279318
 83   -0.237315
 84   0.203217
 85   0.338644
 86   -0.104772
 87   0.021148
 88   0.402643
 89   0.404619
 90   0.247547
 91   0.277559
 92   -0.193808
 93   -0.350615
 94   -0.396691
 95   0.0662999
 96   -0.498477
 97   0.0723918
 98   -0.263186
 99   -0.407907
 100   0.0224243
 101   -0.398085
 102   0.449487
 103   -0.401954
 104   0.0278904
 105   -0.0730358
 106   -0.189525
 107   -0.0963889
 108   0.00268285
 109   -0.329009
 110   -0.346894
 111   -0.168774
 112   -0.176873
 113   -0.123861
 114   -0.0790373
 115   0.240368
 116   -0.468109
 117   0.266797
 118   -0.0426915
 119   0.387784
 120   0.165503
 121   0.261191
 122   0.331626
 123   0.332645
 124   -0.0216537
 125   0.199783
 126   0.297013
 127   0.105364
 128   -0.0931028
 129   -0.240791
 130   0.472193
 131   0.358845
 132   -0.382061
 133   0.0205145
 134   -0.158122
 135   -0.279101
 136   -0.0154834
 137   0.160442
 138   -0.330755
 139   -0.433417
 140   0.333371
 141   0.234511
 142   0.414272
 143   0.429211
 144   0.307613
 145   0.0206426
 146   0.251681
 147   -0.231216
 148   -0.311625
 149   0.392091
 150   0.282243
 151   0.316598
 152   0.0192036
 153   0.188409
 154   0.0311888
 155   -0.285229
 156   0.376932
 157   0.0532187
 158   0.327485
 159   -0.330565
 160   0.132788
 161   0.207529
 162   0.157712
 163   0.336364
 164   0.0474898
 165   -0.372655
 166   -0.411691
 167   0.157761
 168   -0.455931
 169   -0.405673
 170   0.349921
 171   -0.131027
 172   -0.497815
 173   0.0882503
 174   0.177611
 175   -0.106123
 176   0.41767
 177   -0.00999623
 178   -0.49932
 179   -0.152311
 180   0.271058
 181   -0.436108
 182   -0.424159
 183   0.365939
 184   -0.0511468
 185   0.187982
 186   -0.342484
 187   -0.0216208
 188   -0.438726
 189   -0.198755
 190   0.298972
 191   0.24655
 192   -0.499759
 193   0.036249
 194   0.378088
 195   -0.116218
 196   -0.41866
 197   -0.493854
 198   -0.0585346
 199   0.0763564
 200   0.11353
 201   0.214703
 202   0.460656
 203   -0.275401
 204   0.240325
 205   -0.441862
 206   -0.405754
 207   -0.177362
 208   0.396217
 209   -0.112506
 210   0.0495495
 211   -0.304411
 212   0.222079
 213   0.100315
 214   -0.362335
 215   0.312907
 216   -0.216691
 217   0.230369
 218   0.115635
 219   0.396664
 220   0.43445
 221   -0.495836
 222   -0.090528
 223   -0.456503
 224   0.174049
 225   -0.166985
 226   0.311787
 227   0.0789793
 228   -0.166496
 229   0.209408
 230   0.247783
 231   -0.13684
 232   -0.0563675
 233   -0.0235959
 234   0.203355
 235   -0.233971
 236   -0.377257
 237   0.438852
 238   0.409049
 239   0.0316557
 240   0.329924
 241   -0.214865
 242   -0.126368
 243   0.249741
 244   -0.172674
 245   -0.211774
 246   0.361023
 247   0.153352
 248   0.195178
 249   0.25478
 250   -0.0956732
 251   -0.0384308
 252   0.243285
 253   -0.308971
 254   -0.0492664
 255   0.485813
 256   0.16276
 257   0.154224
 258   -0.268973
 259   -0.281413
 260   -0.238256
 261   -0.241629
 262   -0.0525523
 263   0.123395
 264   0.128858
 265   -0.196986
 266   0.373672
 267   0.344582
 268   0.0681395
 269   -0.00618122
 270   0.460643
 271   -0.444159
 272   0.149211
 273   -0.276302
 274   -0.457979
 275   0.16615
 276   -0.283562
 277   -0.116761
 278   -0.267022
 279   0.101873
 280   -0.299181
 281   0.169172
 282   0.11612
 283   0.383787
 284   -0.421645
 285   0.359642
 286   0.308255
 287   0.217784
 288   0.318666
 289   -0.474978
 290   0.00177364
 291   0.317986
 292   -0.332425
 293   -0.356975
 294   -0.425605
 295   -0.318962
 296   -0.39256
 297   -0.413133
 298   0.361011
 299   -0.469674
 300   0.338966
 301   -0.044783
 302   -0.318597
 303   -0.351143
 304   -0.371752
 305   -0.287295
 306   0.217555
 307   -0.180428
 308   -0.137196
 309   0.10972
 310   -0.165662
 311   -0.408181
 312   -0.339663
 313   -0.149744
 314   0.437294
 315   0.0927619
 316   0.373988
 317   -0.0234428
 318   -0.038717
 319   0.102448
 320   0.337814
 321   0.439306
 322   0.0837445
 323   0.111307
 324   0.19626
 325   -0.177888
 326   -0.243691
 327   -0.421187
 328   0.16136
 329   0.189047
 330   0.148527
 331   0.11208
 332   -0.458577
 333   -0.476026
 334   0.0974498
 335   -0.216884
 336   0.384955
 337   -0.269573
 338   -0.343171
 339   0.303512
 340   -0.416438
 341   -0.339216
 342   -0.160334
 343   0.275291
 344   0.277592
 345   0.143491
 346   0.147878
 347   0.236686
 348   -0.0917418
 349   0.477076
 350   -0.0171831
 351   -0.278408
 352   -0.240002
 353   0.359721
 354   -0.469594
 355   0.0514305
 356   0.336813
 357   -0.27688
 358   0.214627
 359   0.078194
 360   0.416351
 361   0.439388
 362   0.313123
 363   -0.402589
 364   0.125463
 365   0.369768
 366   -0.171342
 367   -0.35022
 368   -0.118998
 369   -0.276114
 370   0.210183
 371   0.430227
 372   -0.460399
 373   0.198297
 374   0.0172711
 375   0.0231372
 376   -0.39981
 377   -0.136916
 378   0.121651
 379   -0.317496
 380   -0.197007
 381   0.265252
 382   -0.460396
 383   -0.124247
 384   -0.0312376
 385   -0.282334
 386   0.488975
 387   -0.190012
 388   0.421998
 389   0.24229
 390   -0.235465
 391   -0.340594
 392   -0.158105
 393   0.136473
 394   0.0254554
 395   0.212638
 396   -0.115214
 397   -0.368974
 398   0.0886491
 399   0.15876
 400   0.421808
 401   -0.391147
 402   -0.178291
 403   -0.269278
 404   -0.26444
 405   -0.147127
 406   -0.270786
 407   -0.0750417
 408   -0.480512
 409   -0.208004
 410   -0.173857
 411   0.0159083
 412   0.0237673
 413   0.213887
 414   -0.107857
 415   -0.415782
 416   0.191403
 417   -0.0867149
 418   -0.299581
 419   -0.22264
 420   0.128327
 421   -0.255387
 422   0.314966
 423   0.0214237
 424   -0.248775
 425   0.047638
 426   0.0499268
 427   -0.0971697
 428   -0.043156
 429   -0.0850734
 430   0.184798
 431   0.438719
 432   0.156545
 433   0.269849
 434   0.0292493
 435   0.454754
 436   -0.480174
 437   0.223877
 438   0.431306
 439   0.289104
 440   -0.229405
 441   -0.318066
 442   0.322632
 443   -0.458657
 444   -0.120092
 445   -0.335466
 446   0.394682
 447   0.0850246
 448   0.498965
 449   0.315476
 450   0.499454
 451   0.0626778
 452   0.476066
 453   0.0638286
 454   -0.131392
 455   0.0819715
 456   0.301322
 457   -0.0910345
 458   -0.255308
 459   0.331805
 460   -0.177162
 461   0.297397
 462   -0.481774
 463   -0.162931
 464   0.0781305
 465   -0.439854
 466   -0.0356047
 467   -0.429172
 468   -0.41546
 469   0.379426
 470   -0.326893
 471   -0.357327
 472   -0.0676333
 473   0.253359
 474   0.266149
 475   0.282
 476   0.0244922
 477   0.427497
 478   0.495218
 479   -0.165041
 480   -0.193758
 481   0.261885
 482   -0.185454
 483   0.493822
 484   -0.170772
 485   -0.497573
 486   -0.478105
 487   -0.0224759
 488   0.492921
 489   0.42529
 490   0.0616555
 491   -0.117869
 492   0.307718
 493   0.323115
 494   -0.416193
 495   -0.0800273
 496   0.0232358
 497   0.301766
 498   0.352489
 499   -0.2338
 500   -0.0344098
 501   -0.143616
 502   0.0979269
 503   -0.268485
 504   0.427412
 505   0.195479
 506   -0.0945275
 507   -0.0201756
 508   0.454345
 509   -0.218173
 510   -0.2645
 511   -0.490441
 512   -0.128219
 513   0.0589089
 514   0.167914
 515   -0.382577
 516   -0.104425
 517   -0.168352
 518   0.465014
 519   0.0633062
 520   0.170502
 521   0.270195
 522   -0.453529
 523   -0.344873
 524   -0.419813
 525   0.00550785
 526   -0.0298357
 527   0.472341
 528   -0.327719
 529   0.28548
 530   -0.487378
 531   0.446875
 532   0.0426142
 533   -0.339634
 534   0.442827
 535   -0.47977
 536   -0.477913
 537   0.166253
 538   0.0831317
 539   0.0955086
 540   -0.489958
 541   0.475328
 542   -0.248974
 543   0.00311206
 544   0.297874
 545   -0.0183064
 546   -0.324477
 547   -0.301138
 548   -0.273377
 549   0.291483
 550   -0.018101
 551   -0.0867078
 552   0.0222982
 553   0.0860152
 554   0.338544
 555   0.470861
 556   0.152695
 557   -0.173246
 558   0.359671
 559   0.497837
 560   -0.450565
 561   0.27081
 562   0.357636
 563   -0.262389
 564   -0.460999
 565   0.265738
 566   -0.461381
 567   0.192168
 568   0.3265
 569   -0.20761
 570   0.235406
 571   -0.191504
 572   -0.124089
 573   -0.275449
 574   0.271043
 575   0.428654
 576   -0.469431
 577   0.274136
 578   0.0470904
 579   -0.27773
 580   -0.282366
 581   -0.409329
 582   0.450236
 583   0.320207
 584   -0.419708
 585   0.483834
 586   0.171027
 587   -0.131849
 588   -0.118557
 589   -0.262219
 590   -0.471551
 591   0.218873
 592   0.0226182
 593   -0.0139738
 594   0.394123
 595   0.481912
 596   -0.47811
 597   -0.384385
 598   0.309861
 599   0.149428
 600   -0.205491
 601   -0.330651
 602   0.392325
 603   0.0169807
 604   -0.419973
 605   0.214801
 606   0.118551
 607   0.117974
 608   -0.140341
 609   0.148882
 610   -0.413917
 611   0.390528
 612   -0.392378
 613   -0.0932969
 614   0.341462
 615   0.295525
 616   0.220217
 617   0.0434858
 618   0.370826
 619   0.104565
 620   -0.0336171
 621   0.158267
 622   0.346372
 623   0.0766098
 624   0.303501
 625   0.128151
 626   -0.277574
 627   0.242034
 628   0.402169
 629   0.121863
 630   -0.225134
 631   0.0128603
 632   -0.276281
 633   0.36134
 634   0.177667
 635   0.337905
 636   -0.00578385
 637   0.10013
 638   0.210296
 639   -0.378393
 640   0.418689
 641   -0.212671
 642   0.189717
 643   0.125267
 644   0.479352
 645   -0.114181
 646   0.22076
 647   0.0694706
 648   0.161554
 649   0.313554
 650   -0.141406
 651   0.156423
 652   -0.0487843
 653   -0.0233614
 654   -0.222936
 655   -0.269039
 656   0.447503
 657   0.362956
 658   0.0366342
 659   0.298984
 660   -0.0655227
 661   -0.334905
 662   0.0456924
 663   -0.377936
 664   -0.24451
 665   0.40132
 666   -0.191038
 667   0.106963
 668   -0.165945
 669   0.00333942
 670   -0.443223
 671   -0.291159
 672   0.184955
 673   0.339622
 674   0.348961
 675   0.066867
 676   -0.240664
 677   -0.35699
 678   -0.252932
 679   0.0910189
 680   0.467536
 681   -0.188626
 682   0.148736
 683   -0.281208
 684   -0.276607
 685   -0.449925
 686   -0.122103
 687   0.0605871
 688   0.353793
 689   0.324963
 690   -0.375409
 691   -0.347483
 692   0.217203
 693   -0.405322
 694   0.328152
 695   0.035388
 696   0.374929
 697   0.290999
 698   0.0974901
 699   0.378598
 700   0.15887
 701   0.0159833
 702   0.262243
 703   0.367713
 704   -0.0204993
 705   -0.0753406
 706   0.14853
 707   0.0744594
 708   0.217838
 709   -0.237986
 710   -0.32693
 711   0.0278942
 712   0.0451449
 713   0.0230277
 714   0.349407
 715   0.205491
 716   -0.485886
 717   -0.295498
 718   -0.200006
 719   0.162902
 720   -0.234707
 721   -0.382558
 722   0.367889
 723   0.0211393
 724   -0.307515
 725   -0.271273
 726   -0.0781949
 727   -0.470067
 728   -0.0891077
 729   -0.499163
 730   0.448279
 731   -0.0739971
 732   0.371737
 733   -0.301636
 734   -0.47531
 735   -0.19499
 736   0.467122
 737   -0.369914
 738   0.266891
 739   -0.274075
 740   -0.0311274
 741   0.295324
 742   -0.154798
 743   -0.233429
 744   -0.354886
 745   0.40335
 746   0.16251
 747   -0.250912
 748   -0.101667
 749   -0.265401
 750   -0.211771
 751   0.354066
 752   0.268672
 753   -0.187584
 754   -0.258132
 755   -0.157894
 756   0.146213
 757   0.354108
 758   0.219962
 759   -0.398452
 760   -0.464012
 761   0.470041
 762   -0.139891
 763   0.241121
 764   0.219482
 765   0.0795345
 766   -0.364133
 767   0.44627
 768   0.156363
 769   -0.4877
 770   -0.023739
 771   0.317895
 772   0.470203
 773   -0.235822
 774   0.203649
 775   0.412275
 776   -0.138074
 777   0.375926
 778   -0.116301
 779   0.200901
 780   -0.205252
 781   0.403794
 782   0.181223
 783   0.168993
 784   0.294349
 785   0.450655
 786   -0.184379
 787   0.271424
 788   -0.291976
 789   0.226434
 790   -0.290316
 791   -0.0351668
 792   0.266573
 793   -0.393429
 794   -0.0744902
 795   -0.465353
 796   -0.207319
 797   -0.342703
 798   -0.0187272
 799   -0.0642213
 800   0.399519
 801   -0.403554
 802   0.142607
 803   -0.134251
 804   -0.476658
 805   0.158568
 806   -0.217652
 807   0.288979
 808   0.133812
 809   0.333088
 810   0.40238
 811   0.131
 812   0.465813
 813   -0.0557371
 814   0.411352
 815   0.361343
 816   0.116496
 817   0.0416826
 818   0.251989
 819   0.183848
 820   -0.148693
 821   -0.429928
 822   -0.0282192
 823   -0.446862
 824   -0.0372442
 825   0.287136
 826   -0.16924
 827   -0.263977
 828   -0.474339
 829   0.398205
 830   0.0401545
 831   0.136574
 832   0.392635
 833   -0.123578
 834   0.225646
 835   0.10362
 836   0.273554
 837   -0.0627666
 838   -0.291017
 839   -0.0605916
 840   -0.257245
 841   -0.364079
 842   0.201706
 843   -0.171799
 844   -0.482273
 845   0.0569348
 846   0.0047362
 847   -0.0964693
 848   -0.14697
 849   0.0637686
 850   0.307566
 851   0.172885
 852   0.393202
 853   0.0781369
 854   -0.319187
 855   -0.481439
 856   0.328393
 857   -0.142804
 858   0.355888
 859   0.493442
 860   0.196497
 861   -0.262439
 862   0.38551
 863   0.130444
 864   0.175507
 865   0.314874
 866   0.278845
 867   0.484387
 868   0.209853
 869   0.0276642
 870   0.20499
 871   0.125038
 872   -0.185512
 873   -0.385741
 874   0.358582
 875   0.300074
 876   -0.0995576
 877   -0.0885128
 878   -0.41875
 879   -0.0132837
 880   0.465624
 881   -0.036065
 882   -0.167309
 883   -0.44921
 884   0.494596
 885   -0.0875062
 886   -0.394908
 887   0.231954
 888   -0.088908
 889   -0.369042
 890   -0.125325
 891   0.173848
 892   -0.0729832
 893   -0.420583
 894   -0.315911
 895   0.217924
 896   -0.368323
 897   -0.156802
 898   -0.0505804
 899   0.179682
 900   0.165002
 901   -0.173899
 902   -0.414445
 903   -0.173907
 904   0.318493
 905   -0.433315
 906   -0.456338
 907   0.272937
 908   -0.0923401
 909   0.146348
 910   -0.145483
 911   0.0208126
 912   -0.240304
 913   0.157953
 914   0.271457
 915   0.348569
 916   -0.339872
 917   -0.296242
 918   -0.393323
 919   0.282914
 920   0.102211
 921   -0.108618
 922   0.354649
 923   -0.137065
 924   0.182795
 925   0.296576
 926   -0.303613
 927   -0.0816984
 928   0.488443
 929   0.36154
 930   0.478338
 931   0.0798845
 932   0.315515
 933   0.197534
 934   0.259614
 935   0.241547
 936   0.0680017
 937   -0.239466
 938   0.0213498
 939   0.191858
 940   0.176831
 941   -0.131306
 942   -0.368091
 943   -0.365519
 944   0.384416
 945   0.0303448
 946   -0.338294
 947   0.315979
 948   -0.261812
 949   -0.448705
 950   -0.35862
 951   0.479792
 952   0.136856
 953   -0.109823
 954   0.357089
 955   0.365145
 956   -0.226841
 957   -0.269409
 958   0.276654
 959   -0.0303855
 960   0.316848
 961   -0.261201
 962   -0.299685
 963   -0.205873
 964   0.181656
 965   0.475703
 966   -0.270149
 967   -0.210875
 968   -0.280002
 969   0.43189
 970   -0.3502
 971   0.220656
 972   -0.310844
 973   -0.345546
 974   -0.18545
 975   -0.324865
 976   -0.167295
 977   -0.0656188
 978   -0.364971
 979   -0.0784759
 980   -0.0790864
 981   0.023219
 982   -0.241239
 983   -0.150312
 984   0.0938855
 985   -0.152199
 986   0.0370258
 987   0.203673
 988   -0.148816
 989   0.191766
 990   0.372887
 991   0.32865
 992   -0.468312
 993   -0.187381
 994   0.04382
 995   -0.349711
 996   -0.372562
 997   0.463099
 998   -0.407298
 999   0.105301
 1000   -0.224787
 1001   -0.214414
 1002   -0.119082
 1003   0.241899
 1004   -0.230413
 1005   -0.451694
 1006   0.397313
 1007   0.208936
 1008   0.441232
 1009   0.192084
 1010   0.416769
 1011   0.352461
 1012   -0.255807
 1013   0.156396
 1014   0.10213
 1015   -0.361549
 1016   -0.104093
 1017   -0.0465351
 1018   0.143238
 1019   -0.379539
 1020   -0.0863039
 1021   0.459151
 1022   0.026835
 1023   0.170944
 1024   0.391507
 1025   0.389397
 1026   -0.468932
 1027   -0.304998
 1028   -0.139374
 1029   0.430962
 1030   -0.461646
 1031   0.0453005
 1032   -0.42187
 1033   -0.00479329
 1034   -0.239644
 1035   -0.143095
 1036   0.0868249
 1037   0.063676
 1038   0.46882
 1039   -0.479205
 1040   0.390417
 1041   0.0942244
 1042   -0.173983
 1043   -0.485204
 1044   0.0876665
 1045   0.456442
 1046   -0.0914526
 1047   0.310681
 1048   0.309277
 1049   0.365126
 1050   0.018254
 1051   -0.423798
 1052   -0.198728
 1053   -0.219449
 1054   0.373995
 1055   -0.109216
 1056   -0.00139929
 1057   0.24428
 1058   -0.221973
 1059   -0.306353
 1060   0.432732
 1061   0.119281
 1062   0.350741
 1063   -0.316902
 1064   0.31698
 1065   0.203086
 1066   -0.0724797
 1067   0.385743
 1068   -0.346679
 1069   0.182743
 1070   0.211446
 1071   0.114376
 1072   -0.29557
 1073   -0.0996759
 1074   0.275615
 1075   0.033284
 1076   0.174721
 1077   -0.102279
 1078   -0.491175
 1079   -0.450273
 1080   -0.0558958
 1081   0.209495
 1082   -0.401646
 1083   -0.249659
 1084   -0.301762
 1085   -0.127482
 1086   -0.356384
 1087   0.101208
 1088   0.299014
 1089   0.121164
 1090   -0.00558797
 1091   0.130355
 1092   0.23902
 1093   -0.263201
 1094   -0.0924512
 1095   0.311418
 1096   0.0237478
 1097   -0.479692
 1098   -0.384436
 1099   -0.132769
 1100   -0.174724
 1101   0.356435
 1102   -0.0986885
 1103   -0.28791
 1104   0.251192
 1105   -0.161345
 1106   -0.227845
 1107   0.251431
 1108   -0.427504
 1109   -0.0766513
 1110   0.327522
 1111   0.257689
 1112   0.254245
 1113   -0.417971
 1114   0.413568
 1115   -0.45893
 1116   0.13267
 1117   -0.0796459
 1118   0.158696
 1119   -0.365997
 1120   0.0825408
 1121   -0.267304
 1122   -0.0163085
 1123   0.208006
 1124   -0.481496
 1125   -0.0389968
 1126   0.180213
 1127   0.441734
 1128   -0.425836
 1129   0.0267066
 1130   -0.348608
 1131   0.0589374
 1132   0.302642
 1133   -0.495571
 1134   -0.0917086
 1135   0.255099
 1136   -0.257629
 1137   0.106237
 1138   -0.0840217
 1139   0.231494
 1140   0.191881
 1141   0.44519
 1142   -0.11705
 1143   -0.444583
 1144   -0.462693
 1145   -0.453062
 1146   -0.412327
 1147   0.0653334
 1148   -0.0236054
 1149   -0.421887
 1150   0.335982
 1151   -0.460295
 1152   -0.0172728
 1153   -0.239727
 1154   0.143082
 1155   -0.151768
 1156   -0.146052
 1157   -0.0618644
 1158   0.23392
 1159   -0.195727
 1160   -0.312288
 1161   -0.229134
 1162   0.455658
 1163   0.437181
 1164   0.129119
 1165   0.0151535
 1166   -0.303992
 1167   -0.096684
 1168   -0.266612
 1169   -0.131156
 1170   -0.098823
 1171   -0.245522
 1172   0.287513
 1173   -0.156139
 1174   -0.212831
 1175   -0.21749
 1176   -0.0653516
 1177   0.137181
 1178   -0.161799
 1179   0.158824
 1180   0.444987
 1181   -0.0314032
 1182   -0.314028
 1183   0.0876016
 1184   0.476868
 1185   -0.14596
 1186   0.463549
 1187   -0.308587
 1188   0.171866
 1189   0.283186
 1190   0.227604
 1191   0.348007
 1192   -0.0723769
 1193   -0.229881
 1194   0.0427668
 1195   0.197029
 1196   -0.307842
 1197   -0.254215
 1198   -0.178165
 1199   0.0354022
 1200   -0.376587
 1201   0.260996
 1202   -0.484407
 1203   0.320139
 1204   0.457782
 1205   -0.0312737
 1206   -0.25401
 1207   0.497317
 1208   0.431376
 1209   0.354466
 1210   0.47643
 1211   0.375985
 1212   0.0977745
 1213   -0.316641
 1214   -0.187084
 1215   -0.23427
 1216   -0.113993
 1217   -0.367106
 1218   -0.470189
 1219   0.0966798
 1220   -0.25748
 1221   0.0798947
 1222   0.413951
 1223   0.240663
 1224   -0.299119
 1225   0.0105515
 1226   0.0208725
 1227   0.252301
 1228   -0.277038
 1229   0.0222528
 1230   -0.0631053
 1231   0.24877
 1232   -0.344634
 1233   0.385964
 1234   0.140818
 1235   0.146982
 1236   -0.355175
 1237   0.137901
 1238   -0.441027
 1239   0.476939
 1240   -0.143653
 1241   0.169253
 1242   0.407388
 1243   -0.00999051
 1244   -0.162167
 1245   -0.217299
 1246   0.41481
 1247   0.280878
 1248   0.37494
 1249   -0.315518
 1250   -0.479666
 1251   0.141914
 1252   0.179925
 1253   -0.119248
 1254   0.139398
 1255   -0.131287
 1256   0.258217
 1257   0.446996
 1258   -0.408121
 1259   0.235565
 1260   0.296481
 1261   -0.360766
 1262   -0.213939
 1263   0.359582
 1264   -0.0840839
 1265   0.315771
 1266   -0.247807
 1267   0.172264
 1268   0.134533
 1269   0.138251
 1270   0.119429
 1271   -0.282775
 1272   -0.117831
 1273   -0.479249
 1274   0.129857
 1275   -0.00715835
 1276   -0.0880126
 1277   -0.204323
 1278   0.283403
 1279   -0.441418
 1280   -0.0477874
 1281   -0.4348
 1282   0.207335
 1283   -0.376255
 1284   0.441845
 1285   -0.293002
 1286   -0.155872
 1287   -0.162616
 1288   -0.305886
 1289   0.00303721
 1290   -0.448558
 1291   0.498138
 1292   -0.168584
 1293   -0.139845
 1294   0.207956
 1295   0.402749
 1296   0.335484
 1297   0.0911868
 1298   -0.081189
 1299   0.0519909
 1300   -0.443457
 1301   0.22539
 1302   0.414418
 1303   0.432774
 1304   0.025199
 1305   0.316919
 1306   -0.263636
 1307   0.0951745
 1308   -0.0891846
 1309   -0.279911
 1310   0.304193
 1311   -0.256871
 1312   0.470119
 1313   -0.199805
 1314   -0.0432193
 1315   0.0575559
 1316   -0.170208
 1317   0.0486226
 1318   0.0620783
 1319   -0.0293504
 1320   -0.0531955
 1321   -0.428991
 1322   0.288964
 1323   0.110091
 1324   0.0902185
 1325   0.417195
 1326   0.134953
 1327   -0.368065
 1328   -0.311761
 1329   -0.278266
 1330   -0.196487
 1331   0.160918
 1332   -0.115756
 1333   0.123685
 1334   -0.47525
 1335   0.0569369
 1336   -0.354455
 1337   0.434465
 1338   -0.0868099
 1339   -0.273549
 1340   -0.231357
 1341   0.0224895
 1342   0.456428
 1343   0.197556
 1344   -0.375297
 1345   -0.116637
 1346   -0.271612
 1347   -0.322524
 1348   -0.0109683
 1349   -0.135633
 1350   0.420934
 1351   0.311234
 1352   -0.201729
 1353   0.0119948
 1354   -0.212399
 1355   -0.13976
 1356   0.17909
 1357   -0.488718
 1358   -0.406825
 1359   -0.480449
 1360   -0.407898
 1361   0.185684
 1362   0.162892
 1363   -0.407449
 1364   0.434775
 1365   0.026251
 1366   -0.375012
 1367   0.241812
 1368   -0.0529349
 1369   -0.28115
 1370   -0.0596367
 1371   0.0348655
 1372   -0.236455
 1373   -0.361818
 1374   -0.186894
 1375   -0.496349
 1376   -0.0442384
 1377   0.27735
 1378   0.0756232
 1379   0.436386
 1380   -0.0914235
 1381   -0.41828
 1382   -0.357869
 1383   0.120613
 1384   -0.125754
 1385   0.155829
 1386   -0.375745
 1387   0.256155
 1388   -0.45202
 1389   -0.187907
 1390   -0.297504
 1391   -0.243241
 1392   -0.491258
 1393   0.430058
 1394   0.347288
 1395   0.159146
 1396   -0.130976
 1397   -0.405048
 1398   -0.01656
 1399   -0.14175
 1400   -0.0226345
 1401   -0.0157197
 1402   -0.308337
 1403   -0.11264
 1404   -0.48265
 1405   -0.0287817
 1406   -0.459025
 1407   0.46195
 1408   -0.153162
 1409   0.413554
 1410   0.145704
 1411   0.00591801
 1412   -0.0788097
 1413   0.0969232
 1414   -0.459146
 1415   -0.12099
 1416   -0.355789
 1417   -0.198904
 1418   -0.030417
 1419   -0.475846
 1420   -0.00940791
 1421   0.458056
 1422   -0.323463
 1423   0.253471
 1424   -0.25642
 1425   0.370628
 1426   0.300795
 1427   0.39171
 1428   0.191631
 1429   -0.0395952
 1430   -0.0378322
 1431   -0.0041498
 1432   -0.372196
 1433   0.0137168
 1434   -0.365381
 1435   -0.130371
 1436   -0.00436843
 1437   -0.105598
 1438   -0.0994667
 1439   0.0917404
 1440   -0.474771
 1441   -0.30788
 1442   -0.320404
 1443   -0.223548
 1444   -0.296613
 1445   -0.225034
 1446   0.0260386
 1447   0.2854
 1448   0.4214
 1449   -0.284871
 1450   -0.412012
 1451   -0.390696
 1452   -0.355624
 1453   0.0563484
 1454   -0.177326
 1455   0.138349
 1456   0.445784
 1457   -0.108085
 1458   -0.438748
 1459   -0.460003
 1460   -0.249017
 1461   -0.278027
 1462   0.0169816
 1463   -0.0370382
 1464   -0.366512
 1465   -0.441132
 1466   -0.169489
 1467   0.286116
 1468   -0.492282
 1469   -0.250715
 1470   0.246028
 1471   -0.36894
 1472   0.0619775
 1473   0.481945
 1474   0.0120169
 1475   -0.142881
 1476   0.27543
 1477   0.449589
 1478   0.100371
 1479   0.257508
 1480   0.362794
 1481   -0.365987
 1482   -0.162377
 1483   0.175425
 1484   -0.00946694
 1485   -0.317102
 1486   -0.457973
 1487   -0.241194
 1488   -0.391724
 1489   -0.15281
 1490   0.260253
 1491   -0.427487
 1492   0.23922
 1493   -0.0522264
 1494   -0.302558
 1495   0.286685
 1496   -0.426725
 1497   0.340193
 1498   -0.0656327
 1499   0.160013
 1500   -0.293316
 1501   0.346171
 1502   0.0254587
 1503   -0.463305
 1504   0.371879
 1505   0.120676
 1506   0.0714334
 1507   0.0757992
 1508   0.00133291
 1509   0.423283
 1510   -0.139713
 1511   -0.0681917
 1512   0.469126
 1513   0.262581
 1514   -0.329605
 1515   -0.394915
 1516   -0.145985
 1517   -0.117617
 1518   0.329471
 1519   -0.318996
 1520   0.0677243
 1521   0.0584758
 1522   0.123139
 1523   0.176516
 1524   -0.30777
 1525   0.17467
 1526   -0.353141
 1527   -0.287132
 1528   -0.130227
 1529   0.0469
 1530   0.194968
 1531   0.233265
 1532   -0.410644
 1533   -0.0358881
 1534   -0.219428
 1535   0.484184
 1536   0.21348
 1537   -0.0852909
 1538   0.380062
 1539   -0.0208755
 1540   -0.41114
 1541   0.467287
 1542   0.495971
 1543   -0.336475
 1544   -0.415121
 1545   0.274418
 1546   -0.368044
 1547   -0.000398715
 1548   0.403522
 1549   -0.331769
 1550   -0.226371
 1551   -0.310145
 1552   -0.49545
 1553   0.316543
 1554   0.469002
 1555   -0.241991
 1556   0.489652
 1557   0.408279
 1558   -0.397705
 1559   0.206112
 1560   -0.210661
 1561   0.336949
 1562   0.454841
 1563   -0.0334363
 1564   0.496311
 1565   0.350911
 1566   0.146867
 1567   0.367812
 1568   0.189073
 1569   0.139191
 1570   0.0538699
 1571   -0.167525
 1572   0.089524
 1573   -0.178408
 1574   0.29136
 1575   0.026634
 1576   0.398284
 1577   0.311856
 1578   -0.138288
 1579   0.179043
 1580   0.151506
 1581   -0.477381
 1582   -0.443127
 1583   -0.21098
 1584   0.442922
 1585   0.380913
 1586   0.210684
 1587   0.44175
 1588   0.354875
 1589   0.122965
 1590   0.394558
 1591   -0.0502333
 1592   0.442079
 1593   -0.162952
 1594   0.150267
 1595   -0.460646
 1596   0.111874
 1597   -0.276879
 1598   -0.146409
 1599   0.300617
 1600   -0.255295
 1601   0.038017
 1602   -0.197426
 1603   -0.380017
 1604   -0.101411
 1605   0.194938
 1606   -0.375862
 1607   -0.186141
 1608   0.441324
 1609   -0.0140187
 1610   0.0928158
 1611   -0.317771
 1612   -0.0458323
 1613   0.396476
 1614   0.455326
 1615   0.200913
 1616   0.250761
 1617   -0.0201427
 1618   -0.145224
 1619   0.071244
 1620   0.355037
 1621   0.261844
 1622   -0.0517897
 1623   0.345931
 1624   -0.218147
 1625   0.142658
 1626   0.311275
 1627   -0.150172
 1628   0.464122
 1629   -0.233956
 1630   -0.276257
 1631   -0.385613
 1632   0.170169
 1633   -0.176165
 1634   -0.0703602
 1635   0.0445272
 1636   -0.24493
 1637   -0.235185
 1638   -0.0342579
 1639   0.0366743
 1640   0.0897326
 1641   -0.123373
 1642   -0.347827
 1643   -0.233272
 1644   0.0114588
 1645   -0.290521
 1646   0.338863
 1647   0.366694
 1648   0.139737
 1649   -0.189602
 1650   -0.498379
 1651   0.208747
 1652   -0.0989739
 1653   0.23678
 1654   0.281562
 1655   0.0154538
 1656   -0.393734
 1657   -0.182015
 1658   -0.438355
 1659   -0.48507
 1660   -0.0751184
 1661   -0.366267
 1662   -0.325931
 1663   -0.140342
 1664   -0.400989
 1665   -0.321959
 1666   0.332286
 1667   -0.47226
 1668   -0.258272
 1669   0.177464
 1670   -0.118643
 1671   -0.0746949
 1672   -0.437009
 1673   -0.467624
 1674   0.460437
 1675   0.408856
 1676   -0.13292
 1677   0.350055
 1678   0.171105
 1679   -0.0537232
 1680   0.16527
 1681   -0.461694
 1682   -0.15469
 1683   0.135265
 1684   -0.252518
 1685   -0.0716111
 1686   -0.493327
 1687   -0.202064
 1688   -0.443323
 1689   0.39599
 1690   0.118904
 1691   -0.129648
 1692   0.209728
 1693   -0.051009
 1694   -0.28493
 1695   -0.194282
 1696   0.00852649
 1697   -0.249219
 1698   -0.498522
 1699   0.210002
 1700   0.285079
 1701   -0.452126
 1702   0.0299176
 1703   -0.0712741
 1704   -0.0756683
 1705   0.470564
 1706   0.032012
 1707   0.303684
 1708   0.408483
 1709   -0.324617
 1710   0.00942531
 1711   -0.181677
 1712   0.226529
 1713   -0.201897
 1714   0.173684
 1715   -0.149447
 1716   -0.00720647
 1717   -0.313964
 1718   -0.170645
 1719   -0.248273
 1720   0.118194
 1721   0.378382
 1722   -0.205666
 1723   -0.0294607
 1724   0.377988
 1725   -0.196629
 1726   -0.0490085
 1727   0.440603
 1728   0.219759
 1729   0.160953
 1730   -0.478067
 1731   -0.0495569
 1732   0.155385
 1733   0.459787
 1734   0.16411
 1735   -0.285339
 1736   0.0807375
 1737   0.177274
 1738   0.475053
 1739   -0.134971
 1740   -0.133131
 1741   -0.48861
 1742   0.00494774
 1743   0.0802442
 1744   0.0664345
 1745   0.19306
 1746   0.368336
 1747   0.0731179
 1748   0.0790987
 1749   0.327837
 1750   -0.450832
 1751   0.153925
 1752   -0.380328
 1753   0.235619
 1754   -0.00703767
 1755   -0.411316
 1756   -0.167263
 1757   -0.242825
 1758   -0.420167
 1759   -0.0288986
 1760   -0.102495
 1761   -0.0037985
 1762   0.0721175
 1763   0.326945
 1764   0.466661
 1765   -0.0343084
 1766   0.130371
 1767   0.169586
 1768   -0.217059
 1769   0.107341
 1770   0.491464
 1771   0.225459
 1772   -0.182812
 1773   0.152754
 1774   0.402545
 1775   0.0482031
 1776   0.271656
 1777   0.2952
 1778   -0.095392
 1779   0.240215
 1780   -0.207714
 1781   0.140656
 1782   0.0594222
 1783   -0.499618
 1784   0.23372
 1785   0.406911
 1786   -0.286431
 1787   0.21673
 1788   0.320802
 1789   -0.160544
 1790   -0.106658
 1791   -0.177251
 1792   -0.449692
 1793   0.312924
 1794   0.424249
 1795   -0.363861
 1796   -0.323329
 1797   -0.413171
 1798   -0.131116
 1799   0.398724
 1800   -0.374577
 1801   -0.315652
 1802   0.376899
 1803   0.236294
 1804   0.178142
 1805   0.362903
 1806   -0.45916
 1807   0.257112
 1808   0.272615
 1809   -0.354708
 1810   -0.148409
 1811   -0.492149
 1812   0.261995
 1813   -0.119891
 1814   -0.152821
 1815   -0.494304
 1816   -0.0233041
 1817   0.300216
 1818   -0.451316
 1819   0.06537
 1820   -0.0672417
 1821   -0.451983
 1822   0.277016
 1823   -0.360166
 1824   -0.469536
 1825   0.136267
 1826   0.444294
 1827   -0.106595
 1828   -0.413073
 1829   0.313189
 1830   0.413586
 1831   -0.273949
 1832   0.0464184
 1833   0.300629
 1834   0.0207631
 1835   0.4676
 1836   0.212183
 1837   0.374015
 1838   -0.147794
 1839   0.460632
 1840   0.343479
 1841   -0.24714
 1842   -0.127873
 1843   -0.24922
 1844   -0.0383857
 1845   -0.229439
 1846   0.493248
 1847   0.103217
 1848   -0.291294
 1849   0.292244
 1850   -0.315414
 1851   0.064048
 1852   0.102933
 1853   -0.150589
 1854   0.210105
 1855   0.285393
 1856   0.0340172
 1857   0.460127
 1858   -0.408031
 1859   -0.167125
 1860   0.342693
 1861   -0.396488
 1862   -0.107838
 1863   -0.305709
 1864   0.327908
 1865   0.317268
 1866   -0.0937902
 1867   0.208198
 1868   -0.474489
 1869   -0.112984
 1870   -0.137234
 1871   -0.368824
 1872   -0.39783
 1873   0.096174
 1874   0.222808
 1875   -0.43749
 1876   -0.291718
 1877   -0.494873
 1878   -0.32781
 1879   0.445044
 1880   0.133608
 1881   -0.271547
 1882   -0.0986966
 1883   -0.139043
 1884   -0.390598
 1885   0.17894
 1886   0.265604
 1887   -0.158787
 1888   0.100763
 1889   0.247151
 1890   -0.0792585
 1891   -0.0925713
 1892   0.432984
 1893   0.385288
 1894   -0.473952
 1895   0.0649182
 1896   -0.404375
 1897   0.0640989
 1898   0.110144
 1899   0.465654
 1900   0.0680769
 1901   0.0715858
 1902   0.192393
 1903   -0.0400938
 1904   0.0103565
 1905   0.122256
 1906   -0.246024
 1907   0.255296
 1908   -0.337114
 1909   0.245673
 1910   0.152315
 1911   -0.0979725
 1912   -0.20099
 1913   -0.0769477
 1914   -0.427383
 1915   -0.176959
 1916   -0.426009
 1917   0.440657
 1918   0.110264
 1919   -0.392169
 1920   -0.385754
 1921   0.428734
 1922   0.0778275
 1923   0.288697
 1924   -0.309438
 1925   0.0547572
 1926   -0.369571
 1927   -0.181842
 1928   -0.180949
 1929   -0.160294
 1930   0.303219
 1931   -0.0337117
 1932   0.133583
 1933   -0.433849
 1934   -0.44529
 1935   -0.143266
 1936   0.373459
 1937   0.246877
 1938   -0.090278
 1939   -0.139857
 1940   0.330067
 1941   -0.377187
 1942   -0.204314
 1943   0.0637668
 1944   0.0962687
 1945   0.159001
 1946   -0.333945
 1947   0.035992
 1948   0.462277
 1949   0.00736429
 1950   -0.495418
 1951   0.104535
 1952   0.301761
 1953   -0.0949763
 1954   0.304194
 1955   -0.132938
 1956   0.291942
 1957   0.47691
 1958   -0.385759
 1959   0.152984
 1960   -0.188581
 1961   -0.088576
 1962   -0.25016
 1963   0.155168
 1964   0.35948
 1965   0.477889
 1966   -0.24291
 1967   -0.0496773
 1968   0.340648
 1969   -0.145441
 1970   -0.272112
 1971   0.126808
 1972   -0.441788
 1973   -0.264086
 1974   -0.44189
 1975   -0.261388
 1976   0.260492
 1977   -0.311991
 1978   -0.257102
 1979   0.304255
 1980   0.0835849
 1981   -0.279384
 1982   0.302805
 1983   0.0693608
 1984   -0.265647
 1985   -0.455084
 1986   0.434558
 1987   0.251653
 1988   -0.242613
 1989   -0.0145127
 1990   -0.019831
 1991   0.487122
 1992   0.229711
 1993   -0.484664
 1994   0.308161
 1995   0.196112
 1996   -0.273031
 1997   0.382729
 1998   -0.299344
 1999   0.0880833
 2000   0.404842
 2001   0.298574
 2002   -0.159933
 2003   -0.476204
 2004   -0.460539
 2005   0.15309
 2006   0.489151
 2007   -0.0463387
 2008   0.370536
 2009   -0.269467
 2010   -0.0418264
 2011   0.151022
 2012   -0.409008
 2013   -0.109287
 2014   0.452933
 2015   0.459096
 2016   0.326817
 2017   0.186058
 2018   -0.102613
 2019   -0.229648
 2020   -0.049089
 2021   0.382978
 2022   0.324649
 2023   0.457046
 2024   -0.42534
 2025   -0.143724
 2026   0.430087
 2027   -0.0283118
 2028   -0.438999
 2029   0.325347
 2030   0.380282
 2031   0.336178
 2032   -0.0972874
 2033   -0.0990581
 2034   0.471599
 2035   0.238363
 2036   -0.190299
 2037   -0.0887938
 2038   -0.267883
 2039   -0.0452344
 2040   0.34901
 2041   0.475784
 2042   0.0606623
 2043   -0.181763
 2044   0.481324
 2045   0.296709
 2046   -0.00328819
 2047   0.449279
 2048   0.337698
 2049   -0.365155
 2050   -0.285104
 2051   0.46979
 2052   0.0802774
 2053   -0.0593762
 2054   0.337866
 2055   -0.0820193
 2056   0.190749
 2057   0.107828
 2058   0.161271
 2059   0.0832154
 2060   -0.469723
 2061   -0.180827
 2062   -0.115411
 2063   -0.0204802
 2064   0.0146786
 2065   -0.0475646
 2066   0.441577
 2067   0.176516
 2068   0.248572
 2069   -0.484122
 2070   -0.475931
 2071   0.206524
 2072   -0.0377291
 2073   0.0817206
 2074   0.392893
 2075   0.266593
 2076   -0.404842
 2077   0.186408
 2078   0.0696411
 2079   0.434195
 2080   -0.130708
 2081   -0.333575
 2082   -0.496947
 2083   0.115346
 2084   -0.303
 2085   0.398414
 2086   -0.196243
 2087   -0.0560994
 2088   0.266208
 2089   0.412326
 2090   0.141118
 2091   -0.149238
 2092   -0.352751
 2093   -0.153618
 2094   0.395952
 2095   -0.47823
 2096   -0.23509
 2097   -0.287424
 2098   0.162843
 2099   -0.0369909
 2100   0.0794621
 2101   -0.0585287
 2102   0.195819
 2103   0.392287
 2104   -0.179574
 2105   -0.324949
 2106   -0.108855
 2107   0.175534
 2108   0.116819
 2109   0.27636
 2110   -0.0990315
 2111   0.0268821
 2112   -0.132359
 2113   0.0246939
 2114   0.471575
 2115   0.191153
 2116   -0.303657
 2117   -0.0349114
 2118   -0.399995
 2119   -0.17247
 2120   -0.166978
 2121   -0.119146
 2122   -0.397218
 2123   0.313146
 2124   0.268118
 2125   -0.142097
 2126   0.190494
 2127   -0.314659
 2128   0.0213272
 2129   0.409634
 2130   -0.358013
 2131   -0.0586505
 2132   -0.13049
 2133   -0.3689
 2134   0.171926
 2135   0.414152
 2136   0.377332
 2137   0.351235
 2138   0.0854478
 2139   -0.0567467
 2140   -0.425617
 2141   -0.24813
 2142   -0.186308
 2143   0.0591273
 2144   0.122543
 2145   0.422298
 2146   0.423928
 2147   -0.0999089
 2148   0.317319
 2149   0.318138
 2150   -0.301952
 2151   0.0803447
 2152   -0.233078
 2153   -0.406754
 2154   0.373168
 2155   0.227936
 2156   0.0928346
 2157   -0.226585
 2158   -0.361914
 2159   0.411395
 2160   0.4956
 2161   0.240633
 2162   0.479353
 2163   0.173793
 2164   -0.470395
 2165   0.496631
 2166   -0.029299
 2167   0.392971
 2168   -0.0694035
 2169   0.174482
 2170   0.0995805
 2171   -0.313306
 2172   -0.160323
 2173   0.266989
 2174   0.22456
 2175   -0.418532
 2176   0.267542
 2177   -0.459367
 2178   -0.242671
 2179   0.163791
 2180   0.142692
 2181   -0.396196
 2182   0.163071
 2183   0.432568
 2184   -0.212609
 2185   -0.401914
 2186   -0.12707
 2187   0.0714499
 2188   0.1651
 2189   -0.0186567
 2190   0.202353
 2191   -0.140157
 2192   -0.256852
 2193   0.371342
 2194   -0.130968
 2195   0.441344
 2196   0.314385
 2197   -0.0813217
 2198   0.204205
 2199   -0.331657
 2200   -0.378422
 2201   0.177749
 2202   -0.348928
 2203   0.241549
 2204   0.128277
 2205   -0.0554782
 2206   -0.355931
 2207   -0.13681
 2208   -0.220069
 2209   0.0298472
 2210   0.462746
 2211   -0.377367
 2212   0.0989758
 2213   0.437074
 2214   0.154008
 2215   -0.166825
 2216   0.457661
 2217   -0.0872916
 2218   0.116472
 2219   0.0387567
 2220   -0.127634
 2221   0.338867
 2222   0.440668
 2223   0.409349
 2224   0.163141
 2225   -0.0637158
 2226   -0.401135
 2227   0.24376
 2228   -0.177761
 2229   -0.253393
 2230   -0.421752
 2231   -0.201383
 2232   0.435383
 2233   0.362747
 2234   0.0512028
 2235   0.162262
 2236   -0.000490626
 2237   0.376019
 2238   -0.323531
 2239   0.392332
 2240   -0.0192421
 2241   -0.491164
 2242   0.124894
 2243   -0.364251
 2244   0.456434
 2245   -0.0983093
 2246   -0.0764532
 2247   0.449891
 2248   0.184715
 2249   -0.476803
 2250   -0.288052
 2251   0.0436745
 2252   -0.0541665
 2253   0.171914
 2254   0.00415309
 2255   -0.342676
 2256   -0.00150073
 2257   0.0387307
 2258   0.050445
 2259   -0.200453
 2260   -0.00469421
 2261   0.298534
 2262   -0.10761
 2263   -0.439108
 2264   0.200869
 2265   -0.300066
 2266   0.205001
 2267   -0.277973
 2268   0.35645
 2269   -0.378215
 2270   0.0197578
 2271   -0.12432
 2272   0.0348158
 2273   -0.434755
 2274   -0.0777593
 2275   0.28102
 2276   -0.170919
 2277   -0.449857
 2278   -0.181879
 2279   -0.330811
 2280   0.219285
 2281   0.384385
 2282   -0.138737
 2283   -0.281228
 2284   0.460453
 2285   0.275162
 2286   -0.362318
 2287   0.41993
 2288   0.335893
 2289   -0.249297
 2290   0.199113
 2291   0.0459592
 2292   0.119474
 2293   0.361322
 2294   0.0399431
 2295   -0.0489805
 2296   -0.409357
 2297   0.12852
 2298   -0.388754
 2299   -0.0872141
 2300   0.445924
 2301   0.210872
 2302   0.465682
 2303   0.238772
 2304   -0.04935
 2305   -0.244527
 2306   -0.372997
 2307   0.355076
 2308   0.17468
 2309   0.403672
 2310   0.277918
 2311   0.0962948
 2312   -0.344146
 2313   0.419857
 2314   0.360071
 2315   0.415367
 2316   -0.165073
 2317   -0.0879617
 2318   0.179877
 2319   -0.267921
 2320   0.105741
 2321   0.112972
 2322   -0.386039
 2323   -0.360996
 2324   -0.175618
 2325   0.190588
 2326   0.00796684
 2327   0.183598
 2328   0.121064
 2329   -0.443538
 2330   0.362468
 2331   0.445233
 2332   -0.14149
 2333   0.141082
 2334   -0.100258
 2335   -0.374105
 2336   -0.419444
 2337   -0.395336
 2338   -0.394853
 2339   0.373298
 2340   -0.205256
 2341   -0.0477333
 2342   -0.163129
 2343   -0.444817
 2344   0.432653
 2345   -0.478053
 2346   -0.402223
 2347   0.203528
 2348   -0.168294
 2349   -0.185279
 2350   -0.436888
 2351   -0.152566
 2352   0.0822151
 2353   0.13506
 2354   0.457831
 2355   -0.046564
 2356   0.0834183
 2357   -0.489303
 2358   -0.122728
 2359   -0.308023
 2360   0.152238
 2361   -0.139529
 2362   0.144946
 2363   -0.251187
 2364   -0.471468
 2365   -0.121031
 2366   0.301183
 2367   0.400085
 2368   -0.379423
 2369   -0.393284
 2370   -0.18361
 2371   -0.430183
 2372   0.334538
 2373   0.154668
 2374   0.122668
 2375   0.0885777
 2376   0.331666
 2377   -0.44826
 2378   -0.442466
 2379   -0.127927
 2380   -0.44301
 2381   0.184137
 2382   -0.186491
 2383   0.238407
 2384   -0.116766
 2385   -0.204762
 2386   0.487314
 2387   0.0827621
 2388   0.213722
 2389   -0.485235
 2390   -0.177581
 2391   0.128256
 2392   -0.111977
 2393   -0.113995
 2394   0.238708
 2395   -0.0282835
 2396   -0.265933
 2397   0.359834
 2398   -0.256995
 2399   0.143131
 2400   -0.38949
 2401   0.224276
 2402   -0.1858
 2403   -0.102486
 2404   -0.216926
 2405   0.438367
 2406   -0.143257
 2407   -0.0420462
 2408   -0.0213751
 2409   0.339068
 2410   -0.183753
 2411   -0.0714285
 2412   0.460732
 2413   -0.310035
 2414   0.0509428
 2415   -0.403841
 2416   -0.0295331
 2417   0.0405277
 2418   0.0527532
 2419   -0.160762
 2420   -0.123818
 2421   -0.135345
 2422   0.111718
 2423   0.363285
 2424   0.376026
 2425   0.447273
 2426   -0.482465
 2427   -0.0191113
 2428   0.0969408
 2429   -0.0122684
 2430   0.391956
 2431   -0.344432
 2432   -0.0661011
 2433   -0.111261
 2434   -0.254209
 2435   0.0280199
 2436   0.473117
 2437   -0.300397
 2438   -0.145718
 2439   -0.356464
 2440   -0.156988
 2441   -0.317484
 2442   -0.45543
 2443   -0.400659
 2444   0.336632
 2445   0.470633
 2446   0.489035
 2447   -0.169397
 2448   -0.350665
 2449   -0.2133
 2450   0.0982393
 2451   -0.246131
 2452   0.0754366
 2453   -0.309016
 2454   0.107231
 2455   0.486664
 2456   -0.492396
 2457   0.327235
 2458   0.448956
 2459   0.362022
 2460   -0.41727
 2461   -0.364537
 2462   -0.491467
 2463   -0.0433156
 2464   -0.181961
 2465   0.000251662
 2466   0.352132
 2467   0.351715
 2468   0.0811806
 2469   0.303366
 2470   0.0242205
 2471   -0.155701
 2472   0.238059
 2473   0.349418
 2474   -0.493092
 2475   -0.17055
 2476   0.322142
 2477   0.133317
 2478   0.435159
 2479   0.0704015
 2480   0.0690078
 2481   -0.0817222
 2482   0.161614
 2483   0.0764113
 2484   0.159875
 2485   -0.406884
 2486   0.264767
 2487   -0.193258
 2488   0.0178662
 2489   0.277598
 2490   0.0942492
 2491   0.419561
 2492   -0.499239
 2493   -0.355417
 2494   0.446984
 2495   0.284517
 2496   0.333974
 2497   -0.0722888
 2498   -0.0320605
 2499   -0.0222688
 2500   -0.372472
 2501   0.083397
 2502   0.369244
 2503   0.477967
 2504   0.32075
 2505   0.0758575
 2506   0.061414
 2507   0.282717
 2508   -0.101537
 2509   -0.246054
 2510   0.290438
 2511   -0.337034
 2512   0.222405
 2513   0.288531
 2514   0.37447
 2515   -0.224629
 2516   -0.178366
 2517   -0.360832
 2518   0.133887
 2519   -0.149382
 2520   0.485669
 2521   0.018823
 2522   0.108445
 2523   0.176698
 2524   -0.495891
 2525   -0.174608
 2526   -0.344691
 2527   0.0958531
 2528   0.396501
 2529   0.00876389
 2530   -0.47832
 2531   -0.266052
 2532   0.476173
 2533   0.342186
 2534   -0.0142118
 2535   -0.318986
 2536   0.0918157
 2537   -0.433331
 2538   0.159994
 2539   0.34171
 2540   -0.109454
 2541   -0.122802
 2542   -0.450255
 2543   0.174458
 2544   -0.0538029
 2545   -0.280518
 2546   0.462149
 2547   -0.461997
 2548   0.096605
 2549   0.366004
 2550   0.357901
 2551   0.364143
 2552   0.333619
 2553   0.240118
 2554   -0.259678
 2555   0.375377
 2556   -0.410398
 2557   0.456944
 2558   -0.324746
 2559   0.0662296
 2560   -0.235837
 2561   -0.450194
 2562   -0.46443
 2563   0.166998
 2564   0.334879
 2565   -0.149028
 2566   0.0640385
 2567   -0.191333
 2568   0.39574
 2569   0.495437
 2570   0.348301
 2571   0.107747
 2572   0.467091
 2573   -0.483499
 2574   -0.198297
 2575   0.38979
 2576   -0.0791966
 2577   0.00190224
 2578   -0.256258
 2579   -0.229685
 2580   0.364425
 2581   -0.220761
 2582   -0.326129
 2583   0.311916
 2584   -0.171926
 2585   -0.400558
 2586   -0.16759
 2587   0.476291
 2588   0.0978137
 2589   0.287041
 2590   0.142318
 2591   0.0899336
 2592   0.0392561
 2593   -0.174016
 2594   0.125576
 2595   -0.45774
 2596   0.25516
 2597   -0.150252
 2598   -0.112069
 2599   0.434898
 2600   -0.0792462
 2601   -0.495506
 2602   -0.234261
 2603   0.400898
 2604   0.140551
 2605   0.154031
 2606   -0.271316
 2607   0.312625
 2608   -0.329606
 2609   -0.104687
 2610   0.132091
 2611   -0.402939
 2612   0.348483
 2613   0.353239
 2614   -0.0873932
 2615   -0.122713
 2616   0.0791428
 2617   -0.276496
 2618   -0.179012
 2619   -0.341117
 2620   -0.286928
 2621   -0.467764
 2622   -0.214252
 2623   0.280002
 2624   -0.332175
 2625   0.0811951
 2626   0.00141606
 2627   -0.156133
 2628   -0.367721
 2629   0.0472512
 2630   -0.16485
 2631   0.352433
 2632   0.198841
 2633   0.204925
 2634   0.145464
 2635   -0.24002
 2636   -0.232873
 2637   -0.259282
 2638   0.106813
 2639   0.165374
 2640   -0.437111
 2641   0.127985
 2642   0.133789
 2643   -0.138252
 2644   0.115918
 2645   0.0311189
 2646   -0.00133127
 2647   0.462355
 2648   0.0406814
 2649   0.207762
 2650   -0.263915
 2651   -0.178653
 2652   0.463452
 2653   -0.122167
 2654   0.428544
 2655   -0.0317772
 2656   -0.0603365
 2657   -0.471915
 2658   0.466556
 2659   -0.225302
 2660   0.205251
 2661   -0.379026
 2662   0.377132
 2663   -0.427254
 2664   -0.394267
 2665   0.176564
 2666   -0.185621
 2667   0.442562
 2668   -0.453231
 2669   -0.303763
 2670   -0.194038
 2671   0.3892
 2672   -0.190042
 2673   0.396941
 2674   -0.150824
 2675   0.126631
 2676   0.0776175
 2677   0.224744
 2678   -0.0496326
 2679   -0.312031
 2680   -0.489702
 2681   -0.383572
 2682   0.201481
 2683   -0.419374
 2684   -0.279218
 2685   0.477883
 2686   -0.0125479
 2687   -0.294868
 2688   -0.0116822
 2689   0.34805
 2690   0.418213
 2691   -0.243615
 2692   0.0568389
 2693   0.217155
 2694   0.0790624
 2695   0.326061